0,-1,L/lZ/YoxBCINPhhQRn3R0/GC/mE=,uFMRBu1LAe/PivJ3sTfqf8zuGkw=
